Ridge
010D19A 47.591 120.766 2142 multi 44.4 29.5 88.1 137 321 0.70 31.4 1.9
010D19D (rep) 47.591 120.766 2142 single 74.8 10.6 149 182 556 0.82 29.4 1.8
010D19E (rep) 47.591 120.766 2142 single 59.0 6.50 117 157 407 0.76 28.1 1.7
010D19B (rep) 47.591 120.766 2142 multi 45.2 28.1 109 155 388 0.71 31.0 1.9
010D18A 47.590 120.762 1984 multi 48.3 29.0 123 217 454 0.72 29.9 1.8
010D17A 47.588 120.767 1865 multi 45.9 25.4 122 161 405 0.71 29.3 1.8
010D17B (rep) 47.588 120.767 1865 single 58.0 5.70 90.0 144 379 0.77 32.9 2.0
010D17C (rep) 47.588 120.767 1865 single 59.0 5.40 147 189 489 0.77 27.4 1.6
010D17E (rep) 47.588 120.767 1865 single 52.3 3.17 138 179 453 0.74 28.2 1.7
012D16A 47.588 120.772 1695 multi 51.7 44.5 20.8 41.4 78.1 0.73 28.9 1.7
012D16B (rep) 47.588 120.772 1695 single 37.5 1.98 12.1 32.7 43.8 0.66 27.7 1.7
012D16C (rep) 47.588 120.772 1695 single 70.3 7.00 6.24 21.9 34.3 0.79 31.4 1.9
012D15A 47.588 120.779 1524 multi 50.7 28.0 14.8 28.5 48.8 0.73 25.8 1.6
012D14A 47.588 120.782 1375 multi 78.6 68.3 17.6 31.8 65.2 0.82 26.2 1.6
012D13A 47.587 120.786 1176 multi 47.8 35.8 13.3 28.1 37.9 0.72 21.9 1.3
012D11A 47.584 120.791 939 multi 65.7 66.6 15.6 26.9 39.9 0.79 19.1 1.1
013D10A 47.583 120.795 841 multi 55.7 39.6 20.2 36.0 56.1 0.75 21.5 1.3
013D20C 47.578 120.795 686 single 37.5 2.16 72.5 172 205 0.66 22.6 1.4
013D20D (rep) 47.578 120.795 686 single 44.5 2.70 57.3 169 196 0.70 23.8 1.4
013D21A 47.545 120.712 445 multi 51.7 34.3 57.1 124 159 0.73 20.8 1.2
013D21B (rep) 47.545 120.712 445 single 47.8 3.30 26.8 61.0 69.3 0.72 19.3 1.2
013D21C (rep) 47.545 120.712 445 single 43.3 2.44 44.4 116 147 0.69 24.4 1.5
JV-727 47.553 120.758 594 multi 51.5 47.5 187 132 365 0.74 18.9 1.1
JV-727C (rep) 47.553 120.758 594 single 41.5 2.34 45.1 104 117 0.69 20.2 1.2
JV-727D (rep) 47.553 120.758 594 single 47.0 2.65 117 83.3 281 0.72 23.7 1.4